"1N" 1340 1368 1373 1379 1380 1384 1387 1395 1396 1398 1405 1410 1414 1422 1425 1433 1438 1443 1445 1471 1490 1492 1496 1503 1507 1508 1519 1523 1530 1535 1541 1543 1548 1553 1554 1567 1569 1588 1606 1615 1616 1627 1629 1638 1681 1689 1699 1701 1710 1715 1719 1720 1749 1776 1791 1807 1811 1817 1822 1847 1855 1912 1918 1932 1946 1957 1959 1967 2010 2049 2063
"182X" 187 201 203 229 235 261 262 263
"133" 1647 1666 1685 1706 1712 1720 1760 1762 1769 1775 1778 1834 1846 1849 1883 1899 1913 1918 1920 1929 1960 1965 1967 1988 2002 2005 2010 2015 2032 2035 2036 2040 2042 2046 2050 2051 2058 2064 2066 2072 2083 2088 2093 2094 2098 2100 2125 2130 2143 2144 2156 2161 2164 2165 2168 2169 2172 2175 2182 2183 2191 2198 2199 2201 2206 2207 2209 2210 2211 2212 2221 2228
"132" 1215 1216 1219 1220 1225 1230 1231 1249 1258 1264 1267 1270 1272 1273 1279 1282 1283 1284 1287 1293 1314 1318 1320 1323 1324 1325 1329 1334 1338 1339 1342 1349 1350 1352 1355 1356 1360 1364 1369 1371 1376 1391 1393 1401 1404 1407 1411 1420 1434 1439 1446 1447 1451 1455 1456 1458 1480 1482 1488 1491 1494 1498 1504 1506 1510 1514 1524 1526 1529 1534 1538 1544 1551 1561 1564 1565 1569 1614 1638 1712 1720 1830 1847 1903 1912 1956 1957 1995 2006 2074 2079 2118 2122 2192 2197 2264 2293 2344 2348 2404 2417 2442 2453 2516 2523 2570 2583 2603 2604 2622
"131" 1185 1186 1189 1190 1210 1211 1213 1223 1230 1240 1251 1253 1254 1255 1274 1275 1277 1281 1285 1290 1295 1298 1301 1305 1311 1315 1351 1353 1385 1394 1449 1479 1509 1599 1604 1607 1610 1612 1617 1637 1654 1668 1670 1680 1726 1728 1732 1734 1740 1743 1755 1771 1777 1779 1780 1791 1795 1797 1801 1806 1807 1817 1821 1823 1824 1829 1831 1835 1839 1844 1858 1859 1861 1864 1867 1868 1877 1886 1892 1893 1894 1896 1901 1913 1915 1925 1935 1966 1983 1993 2012
"5N" 351 352 364 375 393 401 409 429 430 431 434 443 447 459 487 498 512 518 519 566 594 629 658 695 717 735 749 765 789 830 847 866 899 920 962 990 1011 1048 1077 1116 1125 1145 1163 1183 1250 1297 1319 1374 1380 1384 1396 1414 1429 1443 1445 1476 1507 1517 1543 1563 1606 1615 1629 1632 1681 1699 1710 1719 1749 1776 1791 1807 1811 1817 1822 1855 1967 2010 2049 2063
"136" 1647 1666 1685 1706 1712 1720 1760 1762 1769 1775 1778 1834 1846 1918 1920 2050 2051 2124 2130 2143 2157 2159 2160 2163 2174 2180 2238 2239 2268 2272 2278 2307 2312 2332 2337 2352 2358 2409 2418 2457 2465 2493 2498 2520 2537 2570 2583 2604 2622 2650 2658 2691 2697 2744 2745 2747 2752 2755 2758 2761 2770 2773 2774 2776 2778 2779 2788 2789 2792 2793 2797 2798 2803 2807 2825 2827 2838 2840 2841 2845
"135" 1762 1769 1775 1827 1828 1873 1874 1880 1888 1918 1920 2050 2051 2130 2143 2161 2165 2201 2206 2209 2210 2211 2212 2221 2224 2228 2231 2310 2317 2346 2355 2357 2360 2366 2370 2386 2396 2427 2433 2439 2461 2468 2484 2486 2504 2517 2536 2555 2558 2569 2575 2591 2611 2618 2624 2625 2626 2628 2629 2647 2648 2664 2666 2742 2743 2794 2796 2836 2839 2873 2875 2919 2926 2942 2943 2968 2969 2992 2995 3010 3026
"90" 1753 1815 1820 1878 1885 2029 2039 2136 2138 2155 2196 2200 2280 2282 2336 2343 2391 2401 2432 2459 2477 2491 2552 2556 2594 2595 2637 2638 2674 2687 2703 2705 2707 2709 2710 2713 2721
"139" 1165 1169 1170 1171 1172 1178 1180 1195 1196 1198 1202 1203 1205 1207 1208 1214 1230 1232 1233 1268 1269 1299 1303 1328 1330 1332 1357 1366 1423 1437 1475 1486 1555 1560 1592 1619 1629 1652 1654 1660 1661 1664 1668 1669 1694 1697 1704 1734 1753 1766 1791 1807 1817 1833 1836 1839 1843 1872 1886 1889 1890 1894 1901 1906 1910 1923 1925 1926 1931 1952 1958 1966 1971 1978 1983 1989 1993 2000 2012 2015 2023 2046 2053
"138" 892 895 896 898 926 927 930 931 995 1002 1013 1059 1060 1087 1112 1121 1124 1148 1151 1179 1182 1199 1206 1222 1224 1227 1228 1238 1242 1247 1248 1261 1263 1289 1292 1322 1326 1343 1344 1377 1383 1415 1417 1472 1474 1518 1522 1585 1595 1643 1644 1679 1686 1687 1692 1695 1700 1712 1745 1762 1769 1775
"166" 733 749 753 765 796 803 855 861 886 890 908 910 912 913 915 916 925 940 945 954 958 961 963 1023 1025 1030 1084 1088 1089 1093 1094 1099 1107 1134 1136 1150 1153 1185 1190 1213 1223 1251 1255 1281 1305 1312 1316 1333 1337 1349 1350 1352 1355 1356 1362 1364 1369 1370 1371 1389 1400 1401 1404 1411 1420 1447 1451 1455 1456 1461 1468 1480 1482 1488 1489 1491 1494 1498 1504 1510 1512 1514 1524 1526 1529 1532 1534 1538 1544 1551 1561 1564 1569 1590 1591 1592 1607 1610 1612 1613 1614 1617 1625 1637 1638 1670 1680 1682 1690 1698 1712 1720 1736 1746 1749 1754 1755 1758 1762 1769 1775 1776 1777 1791 1795 1798 1806 1807 1811 1817 1822 1825 1855 1867 1868
"198" 270 278 281 285 289 303 309 323 326 340 350 353 357 380 382 412 420 432 434 442 443 446 447 455 457 458 459 462 463 464 468 480 482 506 508 540 542 557 564 568 577 588 647 648 677 679 706 707 730 731 754 756 804 806 884 891 942 954 958 970 983 1016 1018 1027 1032 1044 1049 1062 1065 1067 1068 1069 1070 1072 1074 1086 1092 1129 1135 1147 1159 1169 1195 1207 1214 1230
"25" 1762 1769 1775 1830 1847 1903 1912 1956 1957 1995 2006 2074 2079 2118 2122 2192 2197 2264 2293 2344 2348 2404 2417 2442 2453 2516 2523 2541 2544 2547 2548 2562 2563 2564 2574 2582 2584 2590 2592 2597 2598 2607 2612 2640 2643 2692 2695 2736 2739 2782 2784 2795 2799 2800 2804 2805 2806 2831 2869 2872 2894 2904 2922 2939 2945 2977 2978 3005 3006 3043
"26" 1753 1815 1820 1878 1885 2029 2039 2098 2103 2125 2127 2131 2134 2136 2138 2142 2144 2155 2156 2164 2186 2190 2194 2205 2214 2217 2266 2273 2323 2334 2394 2395 2437 2451 2488 2492 2551 2561 2611 2639 2653 2698 2708 2759 2768 2821 2831 2869 2872 2894 2904 2922 2939 2945 2977 2978 3005 3006 3043
"27" 2577 2579 2601 2602 2603 2605 2606 2608 2613 2636 2642 2661 2662 2673 2675 2685 2686 2700 2702 2731 2737 2752 2758 3051 3055 3056 3058 3060 3061 3063 3064 3086 3094 3127 3133 3197 3198 3199 3201 3205 3217 3226 3229 3238 3239 3522 3523 3525 3527 3535 3539
"21" 1607 1610 1612 1617 1637 1654 1668 1703 1722 1728 1734 1780 1792 1794 1801 1829 1844 1861 1886 1894 1925 1926 1931 1935 1952 1966 1971 1982 1983 1985 1989 1993 2000 2012 2018 2023 2046 2053 2127 2131 2214 2217 2266 2273 2323 2334 2394 2395 2437 2451 2488 2492 2551 2561 2611 2639 2653 2708 2759 2762 2768 2795 2799 2800 2804 2805 2806 2817 2822 2862 2870 2887 2890 2909 2910 2923 2935 2955 2959 2972 2979 2999 3007 3022 3029 3038 3039 3066 3067 3103 3105 3137 3139 3173 3176 3198 3199 3205 3217 3238 3239 3250 3261 3280 3299 3301 3326 3331 3338 3339 3363 3367 3371 3373 3375 3376 3388 3393 3401 3402 3415 3417 3429 3432 3434 3435
"22" 1762 1769 1775 1827 1828 1873 1874 1880 1888 1918 1920 2050 2051 2130 2143 2171 2185 2226 2230 2248 2250 2252 2269 2305 2316 2345 2359 2380 2381 2397 2402 2426 2443 2456 2472 2474 2487 2494 2507 2514 2526 2529 2536 2539 2587 2588 2633 2635 2676 2677 2723 2738 2782 2784 2817 2822 2862 2870 2887 2890 2909 2910 2923 2935 2955 2959 2972 2979 2999 3007 3022 3029 3038 3039 3066 3067 3103 3105 3137 3139 3146 3150 3152 3157 3174 3175 3214
"23" 1839 1875 1901 1952 1958 1989 2000 2015 2023 2046 2064 2098 2100 2125 2144 2156 2164 2179 2193 2946 2947 3028 3030 3044 3048 3079 3082 3129 3140 3173 3176 3192 3194 3198 3199 3214
"160" 464 468 471 474 475 476 477 479 484 485 489 491 494 495 497 498 501 503 524 525 527 547 553 580 582 607 612 630 632 637 639 640 641 645 646 649 652 653 654 655 656 657 659 660 661 662 663 664 665 666 667 668 669 672 680 681 682 689 690 691 701 704 705 709 711 712 713 718 737 747 761 762 783 784 849 851
"28" 1753 1805 1809 1815 1820 1857 1860 1887 1891 1922 1961 1996 1998 2073 2077 2141 2148 2177 2187 2259 2277 2301 2313 2340 2354 2368 2369 2408 2411 2443 2456 2472 2474 2487 2494 2507 2514 2526 2529 2536 2539 2555 2558 2569 2575 2591 2611 2618 2639 2653 2698 2708 2759 2768 2821 2831 2869 2872 2894 2904 2922 2939 2945 2977 2978 3002 3005 3006 3034 3049 3085 3092 3093 3096 3103 3104 3105 3110 3111 3116 3117 3137 3139 3173 3176 3214 3226 3227 3229 3231 3252 3257 3275 3276 3286 3289 3315 3317 3321 3323 3341 3344 3348 3350 3351 3368 3374 3378 3391 3394 3404 3405 3407 3408
"29" 3214 3226 3229 3252 3257 3286 3289 3315 3323 3354 3355 3357 3358 3375 3376 3401 3402 3441 3444 3455 3456 3469 3472 3484 3487 3494 3495 3498 3499 3500 3501 3502 3503 3504 3505 3506 3507 3508 3509 3510 3511 3512 3513 3514 3515 3516 3517 3519 3520 3526 3528 3531 3534
"94" 2674 2687 2692 2695 2703 2705 2707 2709 2710 2713 2715 2721 2736 2739 2757 2759 2768 2782 2784 2795 2799 2800 2804 2805 2806
"405" 68 93 96 111 112 134 136 139 140 141 144 145 146 147 151 156 159 161 162 163 165 173 174 188 192 231 239 253 258 270 271 272 278 281
"403" 3183 3188 3191 3193 3206 3207 3208 3215 3216 3230 3232 3237 3240 3243 3245 3263 3265 3266 3269 3280 3292 3294
"162" 1369 1371 1388 1390 1401 1403 1408 1412 1420 1424 1426 1439 1444 1448 1454 1455 1456 1480 1481 1482 1491 1494 1495 1500 1501 1504 1505 1510 1514 1524 1526 1527 1528 1529 1534 1538 1540 1544 1551 1564 1578 1581 1584 1587 1589 1590 1592 1602 1603 1607 1610 1612 1613 1615 1617 1618 1653 1663 1672 1678 1679 1683 1684 1686 1687 1688 1692 1693 1695 1697 1699 1700 1712 1737 1741 1742 1744 1745 1751 1765 1766 1770 1789 1795 1796 1797 1812 1827 1828 1835 1840 1845 1852 1858 1859 1873 1874 1877 1880 1888 1893 1913 1921 1943
"401" 2435 2447 2452 2467 2528 2568 2596 2648 2666 2667 2728 2742 2794 2816 2836 2901 2921 2936 2944 2958 2970 2973 2975 2977 2978 2981 2983 2988 2989 2998 3003 3005 3006 3010 3020 3027 3031 3043 3053 3068 3081 3097
"400" 1684 1733 1737 1744 1751 1770 1882 1930 1933 2011 2014 2034 2041 2091 2101 2104 2109 2123 2150 2154 2184
"8" 1753 1815 1820 1878 1885 2029 2039 2136 2138 2155 2196 2200 2280 2282 2336 2343 2391 2401 2432 2459 2477 2526 2529 2536 2539 2587 2588 2633 2635 2676 2677 2723 2738 2782 2784 2817 2822 2862 2870 2887 2890 2909 2910 2923 2935 3028 3030 3044 3048 3079 3082 3129 3140 3173 3176 3214 3226 3227 3229 3231 3250 3261 3275 3276 3299 3301 3317 3321 3326 3331 3344 3348
"282" 722 727 733 742 745 775 779 781 782 788 789
"285" 532 600 615 616 636 638 676 687 699 703 708 716 733 749 753 765 775 779
"284" 733 757 759 777
"409" 1213 1243 1255 1256 1259 1278 1281 1306 1312
"408" 1075 1080 1091 1115 1134 1136 1150 1153 1185 1190 1213 1223 1256
"119" 2457 2469 2493 2497 2498 2520 2537 2570 2583 2604 2622 2650 2658 2668 2671 2678 2679 2682 2686 2689 2691 2697 2701 2717 2718 2722 2724 2755 2761 2770 2774 2779 2788 2792 2797 2798
"107X" 2017 2020 2037
"6" 3280 3338 3339 3397 3398 3421 3425 3437 3438 3439 3440 3445 3449 3461 3462 3468 3471 3473 3474 3479 3481 3482 3483 3485 3486 3490 3491 3492 3493 3496 3497
"262" 1404 1416 1451 1462 1488 1492 1516 1525 1579 1583 1685 1706 1760 1762 1769 1775 1778 1827 1828 1834 1846 1873 1874 1880
"261" 1762 1769 1775 1830 1847 1903 1912 1936 1946 1953 1955 1956 1957 1959 1968
"123" 1067 1068 1069 1070 1072 1074 1078 1079 1082 1083 1086 1092 1098 1105 1119 1120 1129 1135 1138 1147 1155 1159 1169 1173 1175 1195 1201 1204 1207 1214 1230 1260 1262 1276 1280 1290 1293 1295 1298 1301 1307 1310 1311 1315 1323 1331 1334 1341 1360 1363 1376 1393 1418 1419 1428 1436 1442 1445 1450 1453 1464 1469 1497 1507 1540 1543 1571 1572 1589 1596 1636 1639 1661 1664 1669
"124" 1149 1154 1162 1168 1186 1192 1210 1211 1240 1253 1254 1274 1275 1300 1304 1309 1333 1337 1362 1370 1389 1400 1424 1426 1439 1454 1461 1468 1481 1489 1495 1500 1511 1512 1527 1528 1540 1584 1587 1589 1591 1597 1602 1603 1615 1623 1665 1682 1697 1698 1699 1703 1722 1736 1749 1766 1776 1792 1794 1795 1796 1798 1822 1825 1855 1886 1889 1890 1894 1925 1935 1966 1983 1993 2012
"125" 1886 1889 1890 1894 1925 1926 1931 1935 1952 1966 1971 1978 1983 1985 1989 1993 2000 2012 2015 2023 2046 2064 2098 2100 2125 2144 2156 2164 2196 2200 2243 2267 2292 2296 2326 2329 2347 2353 2363 2364 2389 2395 2400 2403 2410 2412
"265" 1435 1440 1459 1462 1463 1465 1472 1474 1478 1484 1492 1499 1561 1569 1575 1586 1614 1638 1673 1674 1712 1720 1731 1738 1761 1767 1769 1772 1774 1775 1814 1832 1837 1862 1869 1914 1927 1970 1975 1992
"2" 1513 1580 1597 1623 1634 1671 1698 1705 1749 1752 1782 1803 1808 1841 1876 1883 1929 1960 1965 2002 2005 2035 2036 2066 2083 2147 2153 2216 2218 2266 2273 2323 2334 2394 2395 2437 2451 2488 2492 2551 2561 2611 2639 2653 2708 2759 2762 2768 2821 2831 2869 2872 2894 2904 2922 2939 2945 2977 2978 3002 3005 3006 3034 3049 3114 3116 3169 3170 3200 3204 3241 3255 3258 3272 3273 3274 3277 3278 3308 3311 3327 3347 3359 3377 3395 3414 3418 3422 3424 3430 3431 3446 3450 3463 3464 3465 3466 3475 3476 3484 3487 3494 3495 3498 3499 3500 3501 3502 3503 3504 3506 3508 3509 3511 3512 3516 3517 3518 3521 3529 3530 3532 3533 3534
"2N" 1380 1384 1396 1414 1443 1445 1507 1543 1606 1615 1629 1681 1699 1719 1776 1791 1807 1817 1822 1855 1868 1942 1967 1986 2003 2010 2049 2063 2795 2799 2805 2813 2817 2830 2843 2858 2870 2887 2909 2935 3028 3040 3065 3070 3098 3102 3143 3144 3150 3165 3175 3194 3198 3205 3231 3238 3252 3275 3286 3315 3317 3348 3350 3368 3391 3394 3404 3405
"268" 1492 1499 1508 1515 1548 1552 1554 1557 1561 1567 1569 1570 1575 1586 1614 1638 1673 1674 1702 1708 1709 1712 1714 1720 1768 1772 1774 1830 1847 1903 1912 1956 1957 1995 2006 2054 2056 2068 2070 2074 2075 2079 2080 2089 2095 2108 2137 2146
"59" 1641 1646 1651 1656 1662 1667 1676 1696 1725 1739 1756 1759 1764 1781 1793 1799 1802 1810 1815 1816 1819 1820 1878 1885 1887 1891 2029 2039 2782 2784 2787 2791 2804 2805 2835 2837 2865 2867 2891 2895 2923 2935 2955 2959 2972 2979 2999 3007 3022 3029 3038 3039 3066 3067 3103 3105 3137 3139 3173 3176 3227 3231 3275 3276 3317 3321 3344 3348 3375 3376 3401 3402 3429 3435 3447 3448 3461 3462 3468 3473 3478 3480 3488 3489 3500 3501 3504 3506 3508 3509 3511 3512 3518 3521 3529 3530 3532 3533 3534
"58" 1757 1763 1781 1789 1793 1799 1812 1845 1852 1918 1920 2050 2051 2086 2110 2133 2135 2170 2176 2211 2212 2251 2258 2305 2316 2345 2359 2380 2381 2397 2402 2426 2443 2456 2472 2474 2487 2494 2507 2514 2526 2529 2566 2567 2631 2632 2699 2711 2736 2739 2787 2791 2835 2837 2865 2867 2891 2895 2923 2935 3051 3054 3055 3056 3057 3058 3060 3061 3063 3064 3083 3087 3115 3120 3126 3132 3159 3160 3181 3187 3211 3212 3233 3236 3280
"55" 1757 1763 1781 1789 1793 1799 1812 1845 1852 1932 1936 1946 1953 1959 1968 1995 2006 2074 2079 2118 2122 2192 2197 2264 2293 2344 2348 2404 2417 2442 2453 2516 2523 2541 2544 2547 2548 2562 2563 2564 2574 2582 2584 2590 2592 2597 2598 2607 2612 2640 2643 2692 2695 2736 2739 2782 2784 2795 2799 2800 2804 2805 2806 2810 2813 2830 2832 2842 2843 2858 2863 2875 2919 2926 2942 2943 2968 2969 2992 2995 3010 3026
"54" 1380 1382 1384 1392 1423 1426 1437 1439 1475 1481 1486 1500 1504 1510 1513 1524 1526 1527 1528 1534 1544 1545 1547 1549 1551 1555 1558 1559 1560 1564 1566 1576 1577 1580 1584 1587 1590 1591 1592 1597 1600 1601 1602 1603 1605 1607 1609 1610 1612 1613 1617 1618 1619 1623 1629 1653 1663 1671 1675 1681 1682 1683 1688 1705 1716 1719 1741 1742 1749 1752 1757 1763 1781 1793 1799 1865 1866 1909 1911 1917 1919
"57" 1084 1088 1089 1093 1094 1099 1107 1109 1118 1123 1134 1136 1150 1152 1153 1156 1181 1185 1187 1190 1213 1221 1223 1230 1245 1246 1251 1255 1281 1305 1319 1320 1329 1338 1346 1351 1353 1374 1381 1385 1394 1427 1429 1446 1449 1452 1458 1476 1479 1493 1506 1509 1517 1537 1563 1568 1599 1604 1630 1632 1652 1660 1710 1724 1725 1726 1732 1739 1756 1771 1777 1781 1793 1797 1799 1810 1811 1815 1819 1820 1823 1835 1868 1875 1877 1878 1885 1887 1891 1893 1897 1921 1937 1940 1941 1942 1943 1945 1948 1951 1973 1974 1979 1986 2008
"56" 1592 1607 1610 1612 1613 1617 1637 1652 1660 1670 1680 1718 1725 1729 1739 1746 1754 1755 1756 1758 1777 1781 1783 1786 1793 1799 1805 1809 1810 1811 1817 1819 1842 1865 1866 1867 1868 1884 1887 1891 1904 1909 1911 1917 1919 1938 1940 1941 1944 1967 2010 2017 2049 2063
"51" 488 493 506 508 512 527 532 540 542 557 562 564 565 568 584 585 593 595 598 599 625 626 651 676 687 699 703 708 716 741 742 751 758 763 764 766 767 770 771 785 787 814 817 839 841 856 857 873 877 883 887 900 905 911 918 936 938 959 972 1008 1019 1029 1039 1057 1058 1063 1066 1067 1068 1069 1070 1072 1073 1074 1076 1084 1086 1088 1089 1092 1093 1094 1095 1096 1099 1106 1108 1126 1133 1139 1165 1172 1203 1205 1232 1233 1268 1269 1299 1303 1347 1367 1399 1406 1443 1453 1497 1507 1571 1572 1628 1640 1665 1698 1749 1776 1808 1822 1850 1876 1916 1947 1960 1980 2005 2013 2035 2066 2096 2102 2147 2153 2216 2218 2266 2273 2323 2334 2394 2395 2437 2451 2488 2492 2541 2544 2547 2548 2551 2561 2562 2563 2564 2570 2574 2582 2583 2584 2590 2592 2597 2598 2603 2604 2607 2611 2612 2622 2639 2640 2643 2653 2692 2695 2708 2736 2739 2759 2762 2768 2782 2784 2795 2799 2800 2804 2805 2806
"53" 1789 1799 1812 1845 1848 1852 1863 1918 1920 2050 2051 2130 2143 2171 2185 2226 2230 2248 2250 2252 2269 2305 2316 2345 2359 2419 2423 2464 2471 2503 2511 2518 2519 2533 2538 2540 2543 2549 2571 2627 2634 2688 2696 2741 2756 2808 2809 2844 2851 2864 2866 2879 2885 2893 2900 2905 2908 3083 3087 3128 3131 3147 3155 3171 3178 3207 3215 3232 3237 3266 3269 3297 3310 3345 3346 3388 3393 3415 3417 3429 3432 3434 3435 3522 3523 3525 3527 3535 3539
"52" 498 501 519 522 527 549 550 570 571 589 590 594 597 619 629 642 658 686 695 717 719 735 738 749 750 765 772 796 803 818 821 823 826 827 829 834 835 863 864 870 871 874 875 878 880 885 888 893 1241 1244 1257 1265 1286 1288 1336 1348 1369 1371 1388 1390 1401 1408 1412 1420 1421 1432 1444 1448 1455 1456 1480 1482 1483 1491 1501 1505 1514 1529 1538 1578 1581 1653 1663 1683 1688 1741 1742 1757 1763 1781 1793 1799
"130" 1477 1480 1482 1487 1491 1494 1502 1504 1510 1514 1520 1524 1526 1529 1531 1533 1534 1538 1544 1546 1550 1551 1564 1578 1581 1590 1592 1620 1647 1654 1666 1668 1684 1712 1720 1728 1734 1737 1744 1751 1762 1765 1769 1770 1775 1780 1797 1801 1829 1835 1840 1844 1849 1851 1861 1877 1883 1886 1889 1890 1892 1893 1899 1913 1923 1926 1929 1931 1942 1952 1958 1960 1965 1971 1978 1985 1989 2000 2005 2007 2015 2023 2046 2053
"410" 1369 1371 1388 1390 1401 1408 1412 1420 1444 1448 1455 1456 1480 1491 1501 1505 1514 1578 1581 1598 1608 1653 1663 1683 1688 1691 1707 1741 1742 1781 1799 1804 1826 1848 1853 1863 1909 1911 1917 1919
"372" 2490 2513 2524 2576 2593 2610 2652 2655 2686 2694 2701 2712 2722 2724 2750 2751 2753 2754
"292" 3192 3194 3198 3199 3214 3227 3247 3275 3276 3279 3304 3317 3333
"293" 3065 3069 3070 3072 3095 3098 3102 3108 3134 3136 3144 3146 3150 3174 3175 3192 3194 3214 3226 3229 3252 3257 3286 3289 3315 3316 3340 3350 3354 3375 3391 3394
"291" 3065 3076 3077 3091 3108 3109 3112 3113 3130 3143 3165 3167 3214 3226 3229 3251 3253 3295 3296 3320 3325 3368 3378 3396 3408 3416 3427
"199" 17 28 48 56 67 78 85 91 104 105 125 126 152 162 231 239 253 258 270 271 272 278 281
"179" 27 39 49 54 61 74 84 89 95 120 124 153 154 164 166 196 198 224 225 246 248 270
"147" 733 749 753 765 796 803 855 861 886 890 910 915 937 946 986 989 1027 1032 1044 1049 1062 1065 1067 1068 1069 1070 1072 1074 1086 1092 1129 1135 1147 1159 1169 1193 1195 1234 1235 1277 1285 1308 1327 1335 1386 1397 1413 1430 1461 1468 1489 1511 1512 1591 1597 1623 1671 1682 1705 1749 1752 1782 1791 1795 1798 1803 1806 1807 1817 1825 1839 1841 1867 1901 1923 1952 1958 1989 2000 2015 2023 2046 2064 2098 2100 2125 2144 2156 2164 2168 2169 2172 2175 2182 2183 2191 2198 2199 2201 2206 2207 2209 2210 2221 2228 2248 2250 2251 2258 2268 2272 2275 2276 2278 2281 2283 2299 2306 2315 2319 2344 2348 2382 2383 2421 2422 2462 2463 2476 2481 2508 2522 2554 2572 2603 2620 2621 2650 2658 2678 2689 2691 2697
"195" 1062 1064 1071 1078 1095 1096 1106 1108 1109 1118 1122 1123 1126 1132 1133 1141 1146 1152 1156 1181 1187 1221 1229 1240 1253 1254 1274 1275 1290 1295 1298 1301 1307 1310 1331 1341 1363 1396 1409 1414 1418 1423 1428 1431 1436 1437 1442 1450 1460 1464 1475 1486 1555 1560 1619 1629 1675 1681 1716 1719 1784 1838 1850 1967 2010 2017 2049 2063
"194" 270 277 279 282 286 288 291 292 294 295 297 298
"197" 488 493 506 508 512 527 540 542 557 564 568 577 588 647 648 677 679 706 707 730 731 754 756 804 806 884 891 939 942 961 963 1023 1025 1030 1096 1106 1129 1135 1147 1159 1169 1193 1195 1234 1235 1277 1285 1308 1327 1335 1386 1397 1413 1430 1461 1468 1489 1512 1532 1625 1634 1690 1698 1736 1749 1776 1808 1822 1849 1855 1899 1916 1934 1947 1980 2005 2013 2035 2066 2096 2102 2147 2153 2216 2218 2266 2273 2304 2374 2375 2430 2431 2489 2499 2553 2557 2585 2591 2609 2624 2625 2626 2628 2629 2647 2648 2664 2666 2742 2743 2794 2796 2836 2839 2873 2875 2919 2926 2942 2943 2968 2969 2992 2995 3023 3025 3037 3043 3053 3071 3075 3081 3084 3088 3089 3100 3106
"196" 707 710 723 730 731 733 735 738 754 756 806 808 825 838 848 868 879 901 908 912 925 940 945 970 983 1014 1016 1027 1032 1044 1049 1062 1065 1067 1068 1069 1070 1072 1074 1086 1092 1129 1135 1147 1159 1169 1193 1195 1234 1235 1277 1285 1308 1327 1335 1386 1397 1413 1430 1461 1468 1489 1532 1574 1580 1582 1593 1611 1684 1744 1765 1797 1800 1835 1840 1877 1893 1921 1943 1987 1990 2076 2084 2271 2274 2371 2376 2435 2441 2447 2475 2478 2510 2531 2580 2619 2645 2659 2704 2742 2743 2794 2796 2836 2839 2873 2875 2898 2902 2919 2924 2938 2942 2943 2968 2969 2992 2995 3023 3025 3037 3043 3053 3071 3075 3081 3084 3088 3089 3100 3106
"191" 970 983 993 1004 1014 1016 1022 1027 1032 1033 1035 1037 1038 1040 1041 1042 1046 1053 1054
"193" 5 9 26 30 55 57 82 88 97 107 113 115 137 138 160 164 166 169 172 177 197 206 227 233 254 257 270 3576 3577 3579 3580 3583 3584 3586 3587 3591 3592 3596 3597 3598 3600 3603 3607 3611 3612 3617 3618 3625 3627 3630 3633 3637 3638 3646 3648 3651 3654 3656 3657 3660 3661 3671 3672 3681 3682 3695 3696 3703 3704
"192" 19 21 41 43 47 51 63 64 65 66 76 77 99 101 114 116 130 135 160 164 166 167 168 169 172 177 179 180 181 184 185 189 197 206 227 233 254 257 270 3598 3600 3601 3602 3603 3607 3613 3614 3619 3620 3621 3622 3631 3634 3641 3642 3650 3652 3658 3663 3667 3676 3678 3684 3685 3686 3687 3689 3691 3695 3696 3728 3731
"115" 2457 2469 2493 2497 2519 2537 2538 2543 2563 2590 2592 2607
"68" 3146 3150 3152 3157 3173 3174 3175 3176 3182 3189 3190 3192 3194 3202 3209 3214 3224
"272" 1221 1229 1230 1239 1245 1246 1252 1254 1271 1274 1291 1300
"273" 1149 1154 1162 1168 1186 1192 1210 1211 1221 1229 1230 1245 1246
"111" 998 1001 1006 1027 1032 1044 1049 1062 1065 1095 1108 1126 1133 1139 1165 1172 1203 1205 1215 1216 1225 1231 1264 1267 1282 1283 1293 1323 1334 1360 1376 1393 1419 1445 1469 1540 1543 1589 1615 1697 1699 1766 1795 1796 1858 1859 1913 1967 1988 2010 2040 2042
"3N" 473 490 492 510 511 516 520 528 530 534 544 554 561 572 574 583 586 587 591 592 604 606 610 614 617 620 621 627 655 681 755 800 850 1319 1320 1374 1380 1384 1396 1414 1429 1443 1445 1476 1507 1517 1543 1563 1606 1615 1629 1632 1681 1699 1710 1719 1749 1776 1791 1807 1811 1817 1822 1855 1967 2010 2049 2063
"113" 2359 2390 2419 2423 2457 2460 2464 2465 2469 2471 2493 2497 2498 2500 2501 2502 2503 2511 2516 2518 2519 2520 2523 2525 2533 2534 2537 2538 2540 2543 2577 2579 2602 2603 2606 2620 2621 2650 2658 2678 2689 2691 2697
"112" 2361 2382 2383 2393 2399 2404 2417 2421 2422 2436 2438 2442 2453 2454 2457 2458 2460 2462 2463 2465 2469 2493 2497 2498 2500 2516 2520 2523 2537 2549 2571 2603 2627 2634 2650 2658 2670 2672 2691 2697 2714 2716 2725 2726 2730 2735
"82" 2225 2252 2269 2305 2316 2352 2358 2409 2418 2457 2465 2493 2498 2501 2502 2516 2520 2523 2525 2534 2537 2577 2579 2644 2646 2668 2671 2679 2682 2720 2734 2747 2750 2751 2752 2753 2754 2758 2764 2775 2780 2786 2789 2793 2803 2807 2833 2834 2846 2849 2854 2856 2859 2860 2874
"83" 2610 2617 2623 2630 2654 2656 2681 2683 2701 2731 2737 2752 2758 2773 2789 2793 2803 2807 2825 2827 2838 2840 2861 2871 2878 2880 2888 2889 2917 2920 2928 2932
"80" 1255 1256 1281 1305 1351 1353 1385 1394 1449 1479 1509 1599 1604 1626 1634 1635 1642 1645 1648 1649 1658 1677 1698 1736 1749 1776 1808 1822 1850 1876 1916 1934 1947 1980 2005 2013 2035 2066 2096 2102 2147 2153 2216 2218 2266 2273 2323 2334 2345 2352 2358 2359 2380 2381 2394 2395 2397 2402 2409 2410 2416 2418 2426 2428 2429 2443 2456 2457 2465 2472 2474 2479 2480 2487 2493 2494 2498 2507 2514 2520 2526 2529 2536 2537 2539 2545 2546 2555 2558 2570 2573 2577 2579 2583 2604 2616 2622 2644 2646 2668 2671 2673 2675 2679 2682 2694 2701 2712 2720 2734
"81" 2225 2252 2269 2305 2316 2352 2358 2409 2418 2457 2465 2493 2498 2520 2537 2590 2598 2627 2634 2688 2696 2741 2756 2808 2809 2844 2851 2864 2866 2879 2885 2893 2900 2905 2908 3083 3087 3128 3131 3147 3155 3171 3178 3207 3214 3215 3226 3229 3232 3237 3250 3261 3266 3269 3297 3299 3301 3310 3326 3331 3345 3346 3375 3376 3388 3393 3401 3402 3415 3417 3429 3432 3434 3435
"86" 1621 1624 1655 1657 1659 1670 1672 1678 1679 1686 1687 1692 1695 1700 1712 1713 1721 1745 1762 1769 1775 1787 1788 1881 1900 1954 1962 2021 2026 2067 2069 2115 2121 2158 2178 2188 2208 2215 2219 2227 2236 2241 2244 2246 2253 2260 2261 2673 2675 2694 2701 2712 2752 2758 2760 2779 2783 2788 2797 2815 2826
"87" 2541 2544 2547 2548 2562 2563 2564 2573 2574 2577 2579 2582 2584 2592 2597 2607 2612 2616 2627 2634 2640 2643 2644 2646 2657 2661 2662 2663 2668 2670 2671 2672 2673 2675 2679 2682 2684 2690 2692 2695 2701 2736 2739 2787 2791 2835 2837 2865 2867 2891 2895 2923 2935 2946 2947 2994 2996 3015 3017 3043
"85" 1340 1345 1368 1372 1373 1375 1398 1402 1425 1441 1457 1466 1467 1473 1485 2610 2617 2623 2630 2652 2655 2694 2712 2773 2779 2788 2797 2803 2807 2824 2828 2838 2840 2847 2855 2878 2880 2917 2920 2928 2932
"174" 270 278 281 285 289 303 309 323 326 327 367 372 391 394 437 439 440 441 451 454 467 470 489 491 515 523 545 548 573 576 608 613 644 670 671 696 697 734 743 768 780 794 797 812 819 836 845 858 859 870 871 893 904 914 923 944 969 979 1010 1026 1028 1050 1055 1061 1100 1101 1111 1116 1119 1120 1125 1127 1130 1137 1138 1140 1143 1145 1155 1160 1161 1163 1166 1173 1175 1176 1177 1183 1201 1204 1218 1260 1262 1276 1280 1293 1323 1334 1360 1376 1393 1419 1424 1469 1495 1513 1521 1539 1540 1542 1562 1580 1589 1615 1628 1640 1665 1697 1698 1699 1736 1766 1776 1795 1796 1798 1822 1825 1855
"3" 2773 2789 2793 2803 2807 2825 2827 2838 2840 2861 2871 2878 2880 2888 2889 2917 2920 2928 2932 3083 3087 3128 3131 3135 3138 3141 3142 3161 3162 3180 3184 3192 3194 3205 3207 3214 3215 3217 3232 3237 3238 3239 3251 3253 3254 3256 3262 3266 3267 3269 3280 3288 3291 3320 3321 3338 3339 3344 3375 3376 3397 3398 3401 3402 3419 3426 3428 3429 3432 3433 3434 3435
"162M" 1340 1368 1373 1379 1387 1395 1398 1405 1410 1422 1425 1433 1438 1471 1490 1496 1503 1519 1523 1530 1535 1553 1560 1588 1616 1621 1627 1629 1659 1681 1689 1701 1715 1719 1749 1776 1822 1855 1967 2010 2049 2063
"7" 733 781 782 828 830 843 847 866 867 899 903 917 920 953 962 990 996 1011 1017 1047 1048 1077 1081 1119 1120 1138 1155 1173 1175 1201 1204 1260 1262 1276 1280 1293 1323 1334 1360 1376 1393 1419 1445 1469 1540 1543 1589 1615 1697 1699 1766 1795 1796 1858 1859 1876 1916 1934 1947 1980 2005 2013 2035 2066 2096 2102 2147 2153 2216 2218 2266 2273 2304 2374 2375 2430 2431 2489 2499 2553 2557 2585 2589 2591 2611 2639 2653 2698 2708 2759 2768 2821 2831 2869 2872 2894 2904 2922 2939 2945 2977 2978 3005 3006 3043
"70X" 1967 1988 2010 2040 2042
"170" 637 639 640 641 645 646 649 652 654 656 657 659 660 661 662 663 664 665 666 667 668 669 672 682 689 690 691 701 704 705 709 711 712 713 714 715 718 720 721 725 726 732 737 746 747 748 752 760 761 762 769 773 774 776 778 783 784 786 791 792 793 807 809 811 815 820 822 840 844 849 851 860 865 871 889 893 904 914 923 944 969 979 1010 1026 1028 1050 1055 1061 1100 1101 1127 1137 1140 1160 1161 1176 1218 1250 1266 1294 1297 1319 1346 1374 1381 1427 1429 1452 1476 1493 1517 1537 1563 1568 1630 1632 1710 1724 1777 1811 1868 1875 1964
"C3" 1839 1849 1875 1899 1901 1934 1941 1958 1963 1973 1986 2008
"24" 1762 1769 1775 1827 1828 1873 1874 1880 1888 1918 1920 2050 2051 2130 2143 2171 2185 2226 2230 2290 2298 2345 2359 2380 2381 2397 2402 2426 2443 2456 2472 2474 2487 2494 2507 2514 2526 2529 2536 2539 2555 2558 2569 2575 2591 2611 2618 2639 2653 2708 2759 2762 2768 2821 2831 2869 2872 2894 2904 2922 2939 2945 2977 2978 3002 3005 3006 3034 3049 3114 3116 3169 3170 3200 3204 3241 3303 3305 3334 3335 3366 3369 3390 3392 3414 3418 3422 3424 3430 3431 3522 3523 3525 3527 3535 3539
"269" 1474 1484 1492 1499 1508 1515 1522 1554 1557 1561 1569 1585 1594 1614 1633 1638 1644 1672 1712 1720 1762 1769 1775
"225" 2991 2993 3011 3013 3015 3016 3017 3019 3033 3035 3043 3052 3059 3062 3073
"246" 270 295 298 299 301 302 304 307 308 309 310 311 313 316 320 324 325 328 332 336 339 341 344 348 354 356 366 376 381 384 385 387 390 396 397 399 400 402 404 405 407 408 410 411
"240" 270 303 306 309 310 316 322 328 332 336 344 348 365 366 376 381 385 387 390 395 396 397 399 400 402 404 405 407 408 410 411 419
"243" 132 133 148 149 150 153 154 158 160 169 175 178 193 200 207 215 216 221 234 238 243 245 254 257 270
"242" 94 98 110 118 121 148 158 170 171 202 205 222 227 233 249 255 270 271 272 278 281
"103" 2178 2188 2189 2195 2208 2215 2219 2225 2227 2232 2233 2236 2241 2244 2246 2247 2249 2252 2253 2255 2257 2260 2261 2268 2269 2272 2275 2276 2278 2281 2283 2290 2298 2299 2303 2305 2306 2309 2315 2316 2319 2321 2322 2324 2325 2327 2328 2330 2333
"100" 998 1001 1006 1027 1032 1044 1049 1062 1065 1067 1068 1069 1070 1072 1074 1084 1086 1088 1089 1092 1093 1094 1096 1099 1106 1107 1134 1136 1150 1153 1185 1190 1213 1223 1251 1255 1281 1305 1351 1353 1385 1394 1449 1479 1509 1599 1604 1684 1765 1771 1797 1835 1840 1877 1892 1893 1940 1941 1973 1974 1999 2008 2031 2038 2078 2082 2102 2106 2112 2114 2120 2147 2153 2201 2206 2209 2210 2216 2218 2221 2224 2225 2228 2231 2251 2258 2266 2273 2310 2317 2323 2334 2346 2355 2357 2360 2366 2370 2386 2388 2394 2395 2400 2403 2410 2412 2414 2416
"101" 2225 2252 2269 2305 2316 2352 2358 2387 2405 2407 2409 2418 2425 2434 2446 2457 2465 2473 2476 2481 2482 2483 2493 2498 2506 2508 2509 2520 2522 2527 2537 2550 2559 2570 2573 2583 2604 2616 2622
"249" 183 186 190 191 195 208 209 217 219 220 223 228 232 236 240 250 265 269 270 276 279 282 283 286 288 291 292 293 294 295 296 297 298 300 305
"107" 1684 1737 1744 1751 1765 1770 1797 1835 1840 1877 1893 1902 1940 1941 1973 1974 1999 2008 2031 2035 2036 2038 2044 2052 2066 2072 2083 2085 2087 2088 2093 2098 2103 2125 2134 2142 2144 2156 2164 2168 2169 2172 2175 2182 2183 2186 2190 2191 2194 2198 2199 2201 2205 2206 2207 2209 2210 2221 2228 2251 2258 2305 2316 2352 2358 2409 2418 2457 2465 2493 2498 2501 2502 2516 2520 2523 2525 2534 2537 2603
"105" 498 501 512 519 522 527 549 550 570 571 589 590 594 597 619 629 642 658 686 695 717 719 735 738 749 750 765 772 796 803 855 861 886 890 910 915 937 946 986 989 1027 1032 1044 1049 1062 1065 1078 1079 1082 1083 1098 1105 1119 1120 1138 1155 1173 1175 1201 1204 1260 1262 1276 1280 1314 1318 1320 1323 1324 1325 1329 1334 1338 1339 1342 1360 1376 1391 1393 1407 1434 1439 1446 1458 1506 1652 1660 1718 1729 1783 1786 1805 1809 1887 1891 1922 1961 1996 1998 2027 2030 2045 2055 2086 2110 2133 2135 2161 2165 2170 2171 2176 2185 2225 2226 2230
"39" 1340 1345 1368 1372 1373 1375 1398 1402 1425 1441 1457 1466 1467 1473 1485 2215 2227 3083 3087 3128 3131 3147 3155 3171 3178 3192 3194 3198 3199 3207 3214 3215 3227 3231 3232 3237 3266 3269 3275 3276 3297 3310 3317 3321 3344 3345 3346 3348 3375 3376 3388 3393 3401 3402 3415 3417 3429 3432 3434 3435
"38" 3023 3025 3043 3071 3075 3121 3125 3151 3156 3177 3179 3200 3203 3213 3214 3219 3220 3226 3229 3241 3250 3261 3299 3301 3303 3305 3309 3314 3324 3326 3328 3330 3331 3332 3334 3335 3344 3348 3352 3356 3360 3362 3366 3369 3372 3382 3383 3387 3390 3392 3400 3403
"8N" 94 98 110 121 158 170 193 197 202 210 222 225 246 263 281 285 323 329 491 523 548 576 608 644 671 697 743 768 794 812 836 859 1319 1320 1374 1380 1384 1396 1414 1429 1443 1445 1476 1507 1517 1543 1563 1606 1615 1629 1632 1681 1699 1710 1719 1749 1776 1791 1807 1811 1817 1822 1855 1967 2010 2049 2063
"33" 798 801 802 805 810 825 838 848 868 879 901 908 912 925 940 945 954 958 961 963 1023 1025 1030 1096 1106 1122 1132 1141 1146 1165 1172 1205 1219 1220 1249 1258 1272 1279 1296 1302 1331 1341 1363 1418 1428 1450 1470 1521 1539 1597 1623 1634 1671 1698 1705 1749 1752 1782 1803 1808 1841 1876 1883 1929 1960 1965 2002 2005 2035 2036 2066 2083 2147 2153 2216 2218 2266 2273 2304 2371 2376 2452 2455 2512 2528 2568 2581 2665 2669 2719 2727 2732 2740 2749 2763 2771 2785 2811 2829 2848 2850 2852 2853 2857 2869 2872 2894 2904 2922 2939 2945 2977 2978 3005 3006 3043
"32" 1022 1032 1035 1044 1049 1062 1065 1085 1103 1110 1117 1131 1142 1144 1158 1164 1191 1200 1219 1220 1249 1258 1272 1279 1296 1302 1317 1321 1328 1330 1332 1357 1366 1423 1437 1475 1486 1555 1560 1619 1629 1675 1681 1716 1719 1784 1808 1850 1876 1916 1947 1960 1980 2005 2013 2035 2066 2096 2102 2147 2153 2216 2218 2266 2273 2304 2371 2376 2452 2455 2512 2528 2568 2581 2647 2648 2664 2666 2704 2706 2746 2748 2766 2769 2820 2823 2881 2884 2911 2912 2914 2916 2918 2922 2930 2933 2934 2937 2939 2940 2941 2945 2949 2950 2952 2954 2961 2962 2977 2978 3005 3006 3043
"31" 1753 1815 1820 1878 1885 2029 2039 2059 2064 2098 2100 2125 2127 2131 2136 2138 2144 2155 2156 2164 2214 2217 2266 2273 2304 2371 2376 2452 2455 2512 2528 2568 2581 2647 2648 2664 2666 2742 2743 2794 2796 2836 2839 2873 2875 2919 2926 2942 2943 2968 2969 2992 2995 3002 3023 3025 3034 3037 3049 3053 3071 3075 3081 3084 3088 3089 3100 3106 3114 3116 3169 3170 3192 3194 3198 3199 3200 3204 3214 3241 3264 3268 3290 3300 3303 3305 3329 3334 3335 3336
"30" 270 318 319 330 333 343 345 346 358 361 363 365 381 384 385 387 395 399 402 404 405 407 408 410 411 414 433 438 472 481 500 507 526 532 546 555 563 565 575 598 599 625 626 651 676 687 699 703 708 716 741 742 751 758 763 764 766 767 770 771 785 787 814 817 839 841 856 857 873 877 883 887 900 905 911 918 936 938 955 959 972 1008 1019 1029 1039 1057 1058 1063 1066 1073 1076 1107 1134 1136 1150 1153 1185 1190 1213 1223 1251 1255 1281 1305 1351 1353 1385 1394 1449 1479 1509 1599 1604 2435 2441 2447 2452 2455 2466 2467 2512 2528 2568 2581 2591 2611 2625 2626 2628 2629 2639 2653 2698 2708 2759 2768 2821 2831 2869 2872 2894 2904 2922 2939 2945 2977 2978 3005 3006 3043
"37" 3214 3226 3229 3250 3261 3299 3301 3326 3331 3375 3376 3401 3402 3446 3450 3452 3454 3457 3458 3459 3460 3467 3470 3477
"36" 1313 1323 1360 1376 1393 1419 1424 1469 1495 1540 1589 1615 1697 1699 1766 1795 1796 1858 1859 1913 1967 1988 1991 2010 2016 2017 2040 2042 2049 2704 2706 2742 2743 2794 2796 2836 2839 2873 2875 2919 2926 2942 2943 2968 2969 2992 2995 3010 3027 3053 3081 3287 3522 3525 3527 3535 3539
"35" 3034 3043 3049 3114 3116 3169 3170 3200 3204 3241 3303 3305 3334 3335 3385 3389 3412 3423 3436 3451 3453 3538
"34" 2773 2789 2793 2801 2803 2807 2814 3051 3054 3055 3056 3057 3058 3060 3061 3063 3064 3090 3098 3130 3143 3165 3167 3192 3194 3198 3199 3227 3231 3275 3276 3317 3321 3344 3348 3375 3376 3401 3402 3522 3523 3525 3527 3535 3539
"518" 1424 1439 1495 1500 1528 1587 1602 1615 1699 1703 1792 1796 1859 1913 1988 2040 2049 2946 2947 2994 3015 3023 3028 3030 3044 3048 3071 3079 3082 3084 3100 3115 3120 3126 3128 3129 3131 3132 3140 3147 3155 3159 3160 3171 3173 3176 3178 3181 3187 3207 3211 3212 3215 3227 3231 3232 3233 3236 3237 3266 3269 3275 3276 3280 3297 3310 3317 3321 3344 3345 3346 3348 3375 3376 3388 3393 3401 3402 3415 3417 3429 3432 3434 3435
"109" 2225 2248 2250 2268 2272 2275 2276 2278 2281 2283 2299 2306 2315 2319 2322 2328 2349 2365 2393 2413 2436 2438 2444 2445 2446 2449 2470 2473 2496 2505 2521 2532 2560 2565 2578 2586 2610 2617 2623 2630 3083 3087 3128 3131 3147 3155 3171 3178 3207 3215 3232 3237 3266 3269 3297 3310 3345 3346 3388 3393 3415 3417 3442 3443 3445 3449 3461 3462 3468 3473 3478 3480 3488 3489 3500 3501 3504 3506 3508 3509 3511 3512 3518 3521 3529 3530 3532 3533 3534
"174M" 94 98 110 121 158 170 216 238 254 350 357 382 412 434 443 447 459 477 1454 1560 1629 1681 1719 1749 1967 2010 2049 2063
"335" 352 353 364 380 389 392 393 409 415 417 420 429 431 435 436 444 445 449 450 455 457 462 463 480 482 488 493 527
"334" 351 357 375 382 401 412 430 432 434 442 443 446 447 458 459 464 468 471 476 494 497 498 501 527
"162X" 1988 2040 2042
"333" 447 448 456 458 459 486 487 488 493 506 508 514 518 527 540 542 549 550 570 571 589 590
"60" 2715 2757 2759 2768 2795 2799 2800 2804 2805 2806 2817 2822 2862 2870 2887 2890 2903 2909 2910 2923 2929 2935 2946 2947 2994 2996 3015 3017 3043
"62" 2266 2273 2323 2334 2366 2370 2380 2381 2386 2388 2391 2394 2395 2397 2400 2401 2402 2403 2410 2412 2414 2416 2419 2423 2426 2432 2443 2456 2459 2464 2471 2472 2474 2477 2487 2491 2494 2501 2502 2503 2507 2511 2514 2516 2518 2519 2523 2525 2533 2534 2538 2540 2543 2549 2571 2577 2579 2590 2598 2602 2606 2620 2621 2678 2689 2744 2745 2773 2776 2778 2780 2781 2786 2790 2818 2819 2825 2827 2847 2855 2861 2871 2888 2889
"63" 1157 1167 1174 1184 1188 1196 1208 1217 1226 1236 1237 1249 1258 1272 1279 1296 1302 1331 1341 1363 1418 1428 1450 1470 1521 1539 1597 1623 1634 1665 1698 1736 1749 1776 1808 1822 1850 1876 1916 1934 1947 1980 2005 2013 2035 2066 2096 2102 2147 2153 2216 2218 2266 2273 2323 2334 2394 2395 2396 2400 2403 2410 2412 2414 2416 2427 2433 2439 2461 2468 2484 2486 2504 2517 2587 2588 2614 2615 2641 2649 2680 2693 2715 2729 2733 2738 2757 2759 2765 2767 2768 2782 2784 2795 2799 2800 2804 2805 2806
"64" 1086 1090 1097 1102 1104 1113 1114 1122 1128 1141 1165 1172 1205 1219 1220 1249 1258 1272 1279 1296 1302 1317 1321 1347 1367 1399 1406 1443 1453 1497 1507 1571 1572 1636 1639 1661 1664 1669 1694 1697 1766 1791 1807 1817 1836 1839 1872 1901 1923 1952 1958 1989 2000 2015 2023 2046 2064 2098 2100 2125 2144 2156 2164 2196 2200 2280 2282 2336 2343 2347 2366 2367 2370 2372 2378 2386 2388 2389 2400 2403 2412
"65" 1255 1256 1281 1290 1295 1298 1300 1301 1304 1305 1307 1309 1310 1312 1316 1317 1321 1328 1330 1332 1366 1378 1380 1382 1384 1392 1419 1445 1469 1540 1543 1589 1615 1694 1697 1766 1791 1807 1817 1836 1839 1872 1901 1923 1952 1958 1989 2000 2015 2023 2046 2064 2098 2100 2125 2144 2156 2164 2196 2200 2280 2282 2343 2366 2370 2386 2396 2427 2433 2439 2461 2468 2484 2486 2504 2517 2587 2588 2633 2635 2676 2677 2723 2738 2782 2784 2817 2822 2862 2870 2887 2890 2909 2910 2923 2935 2955 2959 2972 2979 2999 3007 3022 3029 3038 3039 3066 3067 3103 3105 3137 3139 3173 3176 3192 3194 3198 3199 3214
"66" 455 457 462 463 464 468 474 477 480 482 488 489 491 493 512 515 523 527 545 548 573 576 608 613 644 670 671 696 697 734 743 768 780 794 797 812 819 845 858 859 870 871 893 904 914 923 944 969 979 1010 1026 1028 1050 1055 1061 1100 1101 1127 1137 1140 1160 1161 1176 1218 1250 1266 1294 1297 1319 1346 1374 1381 1427 1429 1452 1476 1493 1517 1537 1563 1568 1630 1632 1710 1724 1777 1811 1839 1875 1901 1952 1958 1989 2000 2015 2023 2046 2064 2098 2100 2125 2144 2156 2164 2196 2200 2280 2282 2336 2343 2366 2370 2386 2396 2427 2433 2439 2461 2468 2484 2486 2504 2517 2587 2588 2633 2635 2676 2677 2723 2738 2782 2784 2817 2822 2862 2870 2887 2890 2909 2910 2923 2935 2955 2959 2972 2979 2999 3007 3022 3029 3038 3039 3043 3066 3067 3085 3092 3093 3096 3101 3104 3107 3110 3111 3117
"252" 4 6 11 16 23 24 47 51 73 79 102 103 117 119 143 157 204 218 226 241 242 247 251 256 266 268 270 273 275 291 292 295 298 3716 3723 3724 3725 3730
"69" 3040 3041 3043 3044 3048 3069 3070 3079 3082 3085 3090 3092 3093 3096 3098 3101 3103 3104 3105 3107 3110 3111 3117 3129 3130 3137 3139 3140 3143 3165 3167 3214
"251" 13 14 20 37 40 42 44 45 69 70 71 72 90 92 108 109 127 128 142 155 176 182 186 191 208 209 213 214 244 252 270 274 277 279 282 286 288 291 292 294 295 297 298
"257" 0 1 8 10 29 31 32 33 34 35 36 38 50 53 75 87 129 131 179 180 181 184 185 189 196 198 210 211 215 221 243 245 270 3668 3669 3670 3674 3679 3680 3690 3694 3698 3701 3702 3705 3707 3708 3709 3713 3715 3717 3718 3720 3721 3726 3729
"254" 0 1 8 10 40 45 59 62 81 83 122 123 176 179 180 181 182 184 185 187 189 201 203 229 235 261 262 263 270 3585 3590 3593 3605 3606 3608 3610 3615 3616 3623 3624 3628 3629 3636 3639 3640 3643 3644 3647 3653 3655 3659 3662 3664 3665 3666 3675 3677 3683 3688 3697 3718 3721
"255" 2 3 7 12 15 18 22 25 46 52 58 60 80 86 100 106 122 123 176 179 180 181 182 184 185 189 196 198 224 225 246 248 270 3692 3693 3699 3700 3706 3710 3711 3712 3714 3719 3722 3727
"16M" 1443 1507 1606 1629 1635 1642 1648 1658 1681 1719 1735 1749 1765 1813 1840 3003 3012 3017 3024 3036 3042 3050 3078 3084 3121 3123 3154 3168 3169 3177 3213 3219
"222" 2956 2957 2964 2977 2982 2986 3002 3005 3006 3034 3043 3049 3101 3107 3111 3114 3116 3117 3122 3123 3154 3164 3168 3170 3172
"182" 5 9 26 30 55 57 82 88 97 107 113 115 137 138 270 3524 3545 3559 3560 3561 3562 3563 3564 3565 3566 3567 3568 3569 3570 3571 3572 3573 3574 3575 3576 3577 3578 3579 3580 3581 3582 3583 3584 3586 3587 3588 3589 3591 3592 3594 3595 3598 3599 3600 3603 3604 3609 3626 3632 3635 3645 3649 3673 3703 3704
"183" 498 501 519 522 527 549 550 570 571 601 602 618 631 643 650 673 674 675 678 683 684 686 695 717 719 735 738 749 750 765 772 785 787 795 796 798 799 802 803 805 810 814 817 824 825 839 841 856 857 873 877 894 897 919 922 932
"181" 194 199 207 216 230 234 237 238 254 257 259 260 264 267 270
"186" 1078 1079 1082 1083 1095 1098 1105 1108 1111 1116 1125 1126 1130 1133 1139 1143 1145 1163 1165 1166 1172 1177 1183 1203 1205 1218 1232 1233 1250 1266 1268 1269 1294 1297 1299 1303 1320 1329 1338 1347 1367 1399 1406 1443 1446 1453 1458 1497 1506 1507 1565 1571 1572 1590 1628 1640 1654 1665 1668 1717 1726 1728 1732 1734 1737 1744 1751 1770 1780 1785 1790 1797 1801 1829 1835 1844 1861 1886 1894 1925 1935 1966 1983 1993 2012
"185" 148 153 154 158 164 166 170 171 172 177 179 189 194 199 212 230 237 259 260 264 267 280 284 327 329 340 350 353 357 380 382 412 420 432 434 442 443 446 447 458 459 474 477 729 735 736 738 739 744 749 750 765 772 796 803 855 861 886 890 910 915 937 946 986 989 1022 1027 1032 1035 1037
"506" 464 468 471 474 476 477 489 491 494 497 498 501 515 523 527 545 548 573 576 608 613 644 670 671 685 688 693 694 700 702 1446 1458 1506 1652 1660 1815 1820 1878 1885 2029 2039 2804 2805 2817 2822 2862 2870 2887 2890 2909 2910 2923 2935 2955 2959 2972 2979 2999 3007 3022 3029 3038 3039 3043 3066 3067 3085 3092 3093 3096 3101 3104 3107 3110 3111 3117
"C2" 1626 1634 1682 1690 1698 1749 1785 1838 1893 1902 1988
"C1" 1380 1396 1424 1495 1507 1543 1615 1639 1681 1694 1719 1784 1796 1850 1859 1913 1967 2010 2017 2049 2063
"502" 148 153 154 158 164 166 170 171 172 177 207 216 234 238 254 257 285 289 303 309 323 326 340 350 353 357 380 382 412 420 432 434 442 443 446 447 458 459 486 487 514 518 549 550 570 571 589 590 594 597 619 629 642 658 683 684 692 698 1314 1318 1320 1324 1325 1329 1339 1342 1360 1391 1393 1403 1434 1445 1454 1540 1543 1589 1615 1697 1699 1766 1795 1796 1858 1859 1913 1967 1988 2010 2040 2042
"402" 1684 1733 1744 1882 1930 1933 2011 2014 2034 2041 2152
"163X" 2208
"317" 2019 2025 2043 2057 2060 2071 2090 2105 2107 2124 2126 2129 2139 2140 2174 2180 2225 2238 2239 2252 2268 2269 2272 2276 2278 2283 2290 2298 2305 2316
"65M" 1396 1414 1443 1507 1606 1629 1635 1642 1648 1658 1681 1719 1735 1749 1765 1813 1840 1877 2336 3099 3102 3112 3143 3144 3152 3165 3217 3227 3239 3250 3276 3301 3321 3331 3344
"99" 94 98 110 118 121 148 158 170 171 202 205 222 227 233 249 255 271 272 285 289 303 309 316 322 328 332 336 338 340 342 350 353 357 380 382 412 420 432 434 442 443 446 447 458 459 464 468 471 476 494 497 536 538 566 567 594 597 619 629 642 658 686 695 717 719 733 735 738
"98" 315 317 321 334 335 343 345 346 355 358 359 361 362 363 365 366 368 369 370 371 374 376 377 378 379 380 381 382 384 385 386 387 389 392 399 402 403 404 405 406 407 408 410 411 412 420 432 434 442 443 446 447 458 459 486 487 501 514 518 519 522 527 536
"163" 1349 1350 1352 1354 1355 1356 1358 1359 1361 1364 1365 1369 1371 1377 1383 1401 1415 1417 1420 1455 1456 1478 1480 1484 1491 1514 1529 1536 1538 1541 1556 1631 1650 1655 1670 1713 1721 1750 1753 1756 1787 1788 1805 1809 1810 1815 1819 1820 1854 1856 1881 1887 1891 1900 1954 1962 2021 2026 2067 2069 2115 2121 2158 2178 2188 2254 2263 2291 2294 2350 2351 2384 2385 2440 2448 2485 2495 2535 2542 2599 2600 2636 2642 2684 2686 2690 2701 2720 2722 2724 2734 2750 2751 2753 2754
"CT28" 757 759 777 781 782 788 789 796 803 824 825 884 891 1705
"168" 951 984 985 991 994 2215 2227 3043 3051 3055 3056 3058 3060 3061 3063 3064 3085 3086 3092 3093 3094 3096 3101 3103 3104 3105 3107 3110 3111 3117 3127 3133 3137 3139 3173 3176 3197 3198 3199 3201 3205 3217 3226 3229 3238 3239
"315" 2124 2157 2159 2160 2163 2174 2180 2185 2223 2225 2226 2229 2230 2234 2238 2239 2240 2242 2248 2264 2279 2284 2311 2322
"229" 2986 2987 3001 3004 3005 3006 3023 3025 3043 3071 3075 3121 3125 3151 3156 3177 3179 3203 3221 3228 3235 3249 3260
"228" 2903 2909 2910 2923 2929 2935 2955 2959 2972 2979 2999 3007 3022 3029 3038 3039 3043 3066 3067 3085 3092 3093 3096 3101 3104 3107 3110 3111 3117
"91" 970 971 973 975 976 977 978 983 992 997 1005 1014 1015 1016 1022 1027 1032 1035 1037
"165" 733 749 753 765 796 803 826 827 828 829 830 843 847 866 867 899 903 917 920 953 962 990 996 1011 1017 1047 1048 1077 1081 1111 1116 1125 1130 1143 1145 1163 1166 1177 1183 1194 1197 1209 1212 1241 1244 1257 1265 1286 1288 1336 1348 1349 1350 1352 1355 1356 1364 1369 1371 1401 1404 1411 1420 1421 1432 1447 1451 1455 1456 1480 1482 1483 1488 1491 1498 1514 1529 1538 1561 1569 1614 1638 1712 1720 1830 1847 1903 1912 1956 1957 1995 2006 2074 2079 2118 2122 2192 2197 2264 2293 2344 2348 2382 2383 2421 2422 2462 2463 2482 2506 2550 2559 2603
"93" 1067 1068 1069 1070 1072 1074 1078 1079 1082 1083 1084 1086 1088 1089 1092 1093 1094 1096 1098 1099 1105 1106 1107 1111 1116 1125 1130 1134 1136 1143 1145 1150 1153 1163 1166 1177 1183 1185 1190 1194 1197 1209 1212 1213 1223 1241 1244 1256 1257 1265 1286 1288 1336 1348 1421 1432 1482 1483 1556 1573 1631 1650 1750 1756 1810 1819 1922 1961 1996 1998 2073 2077 2141 2148 2177 2187 2259 2277 2301 2313 2340 2354 2368 2369 2408 2411 2443 2456 2472 2474 2487 2494 2507 2514 2552 2556 2594 2595 2637 2638 2692 2695 2715 2736 2739 2757 2759 2768 2782 2784 2795 2799 2800 2804 2805 2806
"92" 869 872 881 899 902 906 909 921 924 941 943 948 949 952 954 956 958 965 966 967 970 974 983 988 998 1000 1001 1003 1006 1009 1016 1018
"95" 801 813 816 833 837 852 853 854 862 876 882 907 928 929 934 954 958 970 983 1016 1018 1022 1027 1032 1035 1037
"161" 951 984 985 991 994 2444 2445 2446 2449 2454 2458 2470 2473 2476 2481 2496 2505 2508 2521 2522 2532 2554 2560 2565 2572 2577 2578 2579 2586 2602 2603 2606 2610 2617 2651 2660 2722 2724 2747 2752 2758
"97" 488 493 506 508 527 540 542 557 564 568 577 588 647 648 677 679 706 707 730 731 754 756 804 806 884 891 939 942 961 963 1023 1025 1030 1084 1088 1089 1093 1094 1099 1107 1134 1136 1150 1153 1185 1190 1213 1223 1251 1255 1281 1305 1351 1353 1385 1394 1449 1479 1509 1599 1604 1684 1765 1771 1797 1835 1840 1877 1893 1921 1967 1988 2010 2040 2042
"96" 733 749 753 765 796 802 803 810 816 824 825 837 842 852
"10" 785 787 801 814 817 839 841 856 857 873 877 883 887 900 905 911 918 936 938 955 959 972 1008 1019 1029 1039 1057 1058 1063 1066 1073 1076 1107 1134 1136 1150 1153 1185 1190 1213 1223 1251 1255 1281 1305 1351 1353 1385 1394 1449 1479 1509 1599 1604 1684 1765 1771 1797 1800 1835 1840 1877 1893 1921 1943 1987 1990 2076 2084 2271 2274 2371 2376 2452 2455 2512 2528 2568 2581 2647 2648 2664 2666 2704 2706 2746 2748 2766 2769 2820 2823 2881 2884 2911 2912 2933 2937 2949 2950 2974 2976 2997 3012 3021 3036 3050 3074 3119 3124 3145 3158 3185 3186 3192 3194 3198 3199 3210 3214 3222 3225 3255 3258 3259 3260 3264 3268 3272 3273 3274 3277 3278 3284 3290 3293 3298 3300 3302 3311 3319 3322 3337 3342 3343 3349 3353
"13" 1620 1622 1647 1653 1663 1666 1672 1678 1679 1683 1686 1687 1688 1692 1693 1695 1700 1725 1739 1741 1742 1756 1757 1763 1810 1819 1922 1961 1996 1998 2015 2032 2046 2058 2064 2072 2073 2077 2088 2093 2094 2098 2100 2125 2141 2144 2147 2148 2153 2156 2164 2168 2169 2172 2175 2177 2182 2183 2191 2198 2199 2201 2207 2209 2216 2218 2266 2273 2323 2334 2394 2395 2437 2451 2488 2492 2551 2561 2611 2639 2653 2708 2759 2762 2768 2810 2813 2830 2832 2842 2843 2858 2863 2875 2898 2902 2919 2924 2938 2942 2943 2968 2969 2992 2995 2997 2998 3003 3012 3021 3036 3050 3074 3119 3124 3145 3158 3185 3186 3210 3222 3225 3259 3260 3284 3302 3318
"12" 1513 1580 1597 1623 1634 1671 1698 1705 1749 1752 1782 1803 1808 1841 1876 1883 1929 1934 1965 2002 2005 2035 2036 2066 2083 2147 2153 2216 2218 2266 2273 2304 2371 2376 2435 2441 2447 2475 2478 2510 2531 2580 2619 2645 2659 2704 2706 2746 2748 2766 2769 2820 2823 2881 2884 2911 2912 2933 2937 2949 2950 2974 2976 2997 3012 3021 3036 3050 3074 3084 3089 3121 3125 3151 3156 3177 3179 3200 3203 3213 3219 3220 3241 3280 3303 3305 3334 3335 3338 3339 3344 3348 3363 3366 3367 3369 3371 3373 3375 3376 3380 3381 3383 3384 3386 3387 3388 3390 3392 3393 3400 3401 3402 3403 3415 3417 3429 3432 3434 3435
"15" 2782 2784 2787 2791 2794 2795 2796 2799 2800 2804 2805 2806 2810 2813 2829 2835 2836 2837 2839 2853 2857 2865 2867 2868 2873 2875 2876 2877 2883 2886 2891 2895 2896 2897 2923 2935 3028 3030 3044 3048 3079 3082 3129 3140 3173 3176 3197 3198 3199 3201 3205 3217 3226 3229 3234 3237 3238 3239 3242 3246 3280
"14" 733 749 753 765 796 803 855 861 886 890 908 910 912 913 915 916 925 940 945 954 958 961 963 1023 1025 1030 1096 1106 1129 1135 1147 1159 1169 1193 1195 1234 1235 1277 1285 1307 1310 1317 1321 1328 1330 1332 1366 1378 1380 1382 1384 1392 1419 1445 1469 1540 1543 1589 1615 1697 1699 1766 1795 1796 1858 1859 1913 1987 1990 2076 2084 2271 2274 2371 2376 2435 2441 2447 2475 2478 2510 2531 2580 2619 2645 2659 2704 2706 2746 2748 2766 2769 2820 2823 2881 2884 2911 2912 2933 2937 2949 2950 2974 2976 2997 3012 3021 3036 3043 3050 3074 3101 3107 3111 3117 3119 3122 3123 3124 3145 3154 3158 3164 3168 3169 3172 3185 3186 3200 3204 3210 3222 3225 3241 3259 3260 3284 3293 3298 3302 3319 3322 3337 3342 3343 3349 3353
"17" 3015 3017 3024 3032 3042 3043 3046 3078 3080 3122 3123 3163 3166 3195 3196 3218 3223 3227 3231 3244 3248 3264 3268 3275 3276 3280 3281 3285 3290 3300 3317 3321 3338 3339 3344 3348 3375 3376 3397 3398 3401 3402 3409 3410 3411 3413 3415 3417 3429 3432 3434 3435
"16" 1230 1270 1273 1284 1287 1296 1302 1331 1341 1363 1380 1382 1384 1392 1396 1409 1414 1418 1419 1428 1431 1436 1442 1445 1450 1460 1464 1469 1540 1543 1589 1615 1697 1699 1766 1795 1796 1858 1859 1913 1987 1990 2076 2084 2245 2256 2302 2314 2341 2342 2392 2398 2452 2455 2512 2528 2568 2581 2665 2669 2719 2727 2772 2777 2802 2812 2836 2839 2873 2875 2898 2902 2919 2924 2938 2942 2943 2968 2969 2992 2995 3010 3026
"19" 3214 3226 3229 3250 3261 3299 3301 3326 3331 3375 3376 3401 3402 3429 3435 3447 3448 3461 3462 3468 3473 3478 3480 3488 3489 3500 3501 3504 3506 3508 3509 3511 3512 3518 3521 3529 3530 3536 3537 3540 3541 3542 3543 3544 3546 3547 3548 3549 3550 3551 3552 3553 3554 3555 3556 3557 3558
"18" 3043 3085 3092 3093 3096 3101 3103 3104 3105 3107 3110 3111 3117 3137 3139 3173 3176 3214 3226 3227 3229 3231 3250 3261 3275 3276 3299 3301 3317 3321 3326 3331 3344 3348
"CT8" 1492 1499 1508 1515 1548 1552 1554 1557 1561 1567 1569 1570 1575 1586 1614 1638 1693 1712 1720 1830 1847 1903 1912 1918 1920 1932 1936 1946 1953 1956 1957 1959 1968
"88" 1620 1622 1647 1653 1663 1666 1683 1688 1712 1720 1725 1739 1741 1742 1753 1756 1757 1763 1805 1809 1810 1815 1819 1820 1830 1847 1854 1856 1887 1891 1903 1912 1924 1928 1949 1950 1956 1957 1970 1972 2028 2033 2068 2070 2111 2137 2167 2204 2213 2285 2286 2356 2362 2425 2434 2444 2445 2446 2449 2454 2458 2476 2481 2508 2522 2554 2572 2620 2621 2668 2671 2679 2682 2720 2734 2747 2750 2751 2752 2753 2754 2758 3083 3087 3115 3120 3126 3132 3159 3160 3181 3187 3211 3212 3233 3236 3280
"6N" 1380 1384 1396 1414 1443 1445 1507 1543 1606 1615 1629 1681 1699 1710 1719 1749 1776 1791 1807 1811 1817 1822 1855 1967 2010 2049 2063 2074 2118 2192 2264 2322 2365 2413 2438 2458 2476 2508 2554 2573 2579 2606 2650 2691 2717 2720 2744 2750 2751 2752 2775 2776 2780 2789 2807 2825 2838 2861 2880 2888 2920 2928
"116" 2444 2445 2446 2449 2450 2454 2458 2482 2506 2550 2559 2603
"274" 1109 1118 1123 1152 1156 1181 1187 1221 1230 1245 1246
"275" 1230 1277 1285 1290 1295 1298 1301 1311 1315
"151" 801 813 816 818 821 823 824 825 826 827 829 833 834 835 837 842 846 852 854 863 864 874 875 878 880 885 888 904 914 923 944 969 979 1010 1026 1028 1050 1055 1061 1100 1101 1127 1137 1140 1160 1161 1176 1218 1250 1266 1294 1297 1320 1329 1338 1446 1458 1506 1652 1660 2029 2039 2136 2138 2155 2196 2200 2280 2282 2336 2343 2391 2401 2432 2459 2477 2491 2541 2544 2547 2548 2552 2556 2562 2563 2564 2574 2582 2584 2592 2594 2595 2597 2603 2607 2612 2627 2634 2637 2638 2640 2657 2663 2670 2672
"153" 1067 1068 1069 1070 1072 1074 1078 1079 1082 1083 1086 1092 1098 1105 1111 1116 1125 1129 1130 1135 1143 1145 1147 1159 1163 1166 1169 1177 1183 1195 1207 1214 1218 1230 1250 1266 1294 1297 1320 1329 1338 1446 1458 1506 1652 1660 1718 1729 1783 1786 1805 1809 1887 1891 1922 1961 1996 1998 2073 2077 2141 2148 2177 2187 2206 2210 2221 2228 2251 2258 2305 2316 2352 2358 2409 2418 2457 2465 2493 2498 2520 2537 2570 2583 2603 2604 2622
"155" 1753 1805 1809 1815 1820 1857 1860 1887 1891 1922 1961 1996 1998 2073 2077 2141 2148 2177 2201 2209 2224 2231 2310 2317 2346 2355 2357 2360 2366 2370 2386 2396 2403 2412 2414 2427 2428 2429 2433 2439 2461 2468 2479 2480 2484 2486 2504 2517 2545 2546 2569 2591 2611 2618 2639 2653 2708 2759 2762 2768 2810 2821 2848 2852 2853 2868 2876 2877 2883 2886 2911 2912 2933 2937 2949 2950 2974 2976 2998 3003 3010 3026
"154" 270 318 319 330 333 361 365 366 376 381 384 390 395 396 413 414 416 418 419 421 422 423 424 425 426 427 428 433 438 496 500 541 552 577 588 647 648 677 679 710 723 735 738 749 750 765 772 796 803 818 821 823 826 827 829 834 835 863 864 874 875 878 880 885 888 904 914 923 944 969 979 1010 1026 1028 1050 1055 1061 1100 1101 1127 1137 1140 1160 1161 1176 1218 1250 1266 1294 1297 1320 1329 1338 1446 1458 1506 1652 1660 2029 2039 2136 2138 2155 2196 2200 2280 2282 2336 2343 2366 2370 2386 2396 2427 2433 2439 2461 2468 2484 2486 2504 2517 2536 2555 2558 2569 2575 2591 2611 2618 2639 2653 2708 2757 2762
"157" 270 271 272 278 281 287 290 327 329 340 350 353 357 380 382 412 420 432 434 442 443 446 447 458 459 474 477 489 491 515 523 545 548 573 576 608 613 644 670 671 696 697 734 743 768 780 794 797 812 819 836 845 858 859 870 871 893 904 914 923 944 969 979 1010 1026 1028 1050 1055 1061 1100 1101 1127 1137 1140 1160 1161 1176 1194 1197 1209 1212 1218 1241 1244 1257 1265 1286 1288 1336 1348 1421 1432 1482 1483 1556 1573 1631 1650 1750 1753 1756 1805 1809 1810 1815 1819 1820 1854 1856 1887 1891
"156" 733 749 753 765 788 789 828 830 843 847 866 867 899 903 917 920 953 962 982 987 999 1007 1012 1020 1021 1024 1034 1036 1043 1045 1052 1061 1100 1101 1127 1137 1140 1160 1161 1176 1218 1250 1266 1294 1297 1320 1329 1338 1446 1458 1482 1494 1504 1506 1510 1524 1526 1534 1544 1551 1556 1564 1565 1573 1631 1650 1725 1739 1757 1763 1789 1812 1845 1852 1918 1920 2050 2051 2130 2143 2171 2185 2226 2230 2268 2272 2275 2276 2278 2281 2283 2299 2306 2315 2319 2322 2324 2328 2333 2356 2362 2425 2434 2470 2473 2496 2505 2521 2532 2560 2565 2578 2586 2610 2617 2651 2660 2685 2701
"159" 1753 1761 1767 1769 1775 1805 1809 1814 1815 1818 1820 1827 1828 1857 1860 1873 1874 1880 1887 1888 1891 1895 1898 1918 1920 1922 1949 1950 1961 1996 1998 2027 2028 2030 2033 2045 2050 2051 2055 2068 2070 2111 2137 2167 2204 2220 2222 2262 2265 2297 2300 2349 2365 2393 2413 2436 2438 2444 2445 2446 2449 2470 2473 2496 2505 2521 2532 2560 2565 2578 2586 2610 2617 2651 2660 2685 2701
"158" 2151 2173 2181 2225 2235 2237 2252 2269 2287 2288 2289 2295 2304 2318 2320 2323 2331 2334 2335 2338 2339 2354 2368 2369 2371 2373 2376 2379 2394 2395 2396 2400 2403 2408 2410 2411 2412 2414 2416 2420 2424 2427 2433 2435 2439 2441 2443 2447 2456 2461 2466 2467 2468 2472 2474 2484 2486 2487 2494 2504 2507 2514 2517 2526 2529 2536 2539
"CT18" 1513 1580 1591 1597 1623 1671 2804 2805 2817 2822 2862 2870 2887 2890 2909 2910 2923 2935 2955 2959 2972 2979 2999 3007 3022 3029 3038 3039 3043 3066 3067 3085 3092 3093 3096 3104 3110 3111 3117
"238" 1753 1815 1820 1878 1885 1907 1948 1951 1961 1969 1976 1981 1984 1994 1997 2001 2004 2022 2024
"235" 1730 1753 1764 1773 1815 1816 1820 1860 1870 1871 1905 1908
"231" 1641 1646 1651 1656 1662 1667 1676 1696 1753 1759 1764 1802 1805 1809 1815 1816 1820 1854 1856
"232" 1711 1723 1727 1729 1730 1753 1759 1764 1786 1802 1816 1820 1857 1879 1897 1939 1945 1977 1981
"48" 1022 1035 1037 1051 1056 1077 1081 1111 1116 1125 1130 1143 1145 1163 1166 1177 1183 1218 1250 1266 1294 1297 1319 1346 1374 1381 1427 1429 1452 1476 1493 1517 1537 1563 1568 1630 1632 1710 1724 1777 1811 1868 1875 1942 1979 1986 2003 2704 2706 2742 2743 2794 2796 2836 2839 2873 2875 2919 2926 2942 2943 2968 2969 2992 2995 3037 3053 3081 3088 3100 3106 3119 3124 3145 3158 3185 3186 3210 3222 3225 3259 3260 3284 3302 3318
"7N" 1380 1384 1396 1414 1443 1507 1606 1629 1681 1719 1749 1776 1791 1807 1817 1822 1855 1868 1942 1967 1986 2003 2010 2049 2063 3135 3142 3153 3162 3180 3187 3211 3215 3236 3237 3266 3280 3300 3307 3310 3329 3330 3339 3345 3360 3363 3379 3382 3385 3388 3403 3406 3412 3414 3415 3419 3422 3426 3429 3430 3432 3436 3451
"42" 2882 2892 2899 2906 2907 2913 2914 2915 2925 2930 2939 2941 2953 2967 2970 2971 2984 2990 3000 3008 3018
"40" 2396 2400 2403 2410 2412 2414 2415 2416 2427 2433 2437 2439 2451 2461 2468 2484 2486 2488 2492 2504 2517 2551 2561 2611 2624 2625 2626 2628 2629 2647 2648 2664 2666 2704 2706 2746 2748 2766 2769 2820 2823 2881 2884 2911 2912 2933 2937 2949 2950 2970 2973 2974 2975 2976 2977 2978 2981 2983 3005 3006 3043
"14E" 1403 1454
"325" 2333 2362 2365 2377 2406 2425 2434 2470 2473 2501 2502 2509 2515 2516 2523 2525 2527 2530 2534 2554 2570 2572 2577 2579 2583 2603 2604 2620 2621 2622 2644 2646
"9" 3034 3043 3049 3114 3116 3169 3170 3200 3204 3241 3255 3258 3272 3273 3274 3277 3278 3290 3300 3306 3307 3311 3330 3332 3344 3348 3361 3364 3375 3376 3381 3383 3384 3387 3401 3402 3429 3435 3447 3448 3461 3462 3468 3473 3478 3480 3488 3489 3500 3501 3504 3506 3508 3509 3511 3512 3518 3521 3529 3530 3536 3537 3540 3541 3542 3543 3544 3546 3547 3548 3549 3550 3551 3552 3553 3554 3555 3556 3557 3558
"89M" 1380 1384 1396 1414 1443 1445 1507 1543 1606 1615 1629 1635 1642 1648 1658 1681 1719 1735 1749 1765 1813 1840 1877 2074 2118 2192 2264 2344 2383 2421 2463 2476 2508 2554 2620 2718 2761 2783 2788 2815 3160 3187 3211 3236 3310 3345 3388 3415
"200" 785 787 801 814 817 839 841 856 857 873 877 883 887 900 905 911 918 933 935 936 938 941 943 947 950 954 955 957 958 959 960 964 968 970 980 981 983 1016 1018 1027 1031 1032 1037 1048 1051
"145" 1022 1032 1035 1044 1049 1062 1065 1095 1108 1126 1133 1139 1165 1172 1185 1186 1189 1190 1205 1210 1211 1213 1219 1220 1221 1223 1229 1245 1246 1249 1251 1255 1258 1270 1272 1273 1279 1281 1284 1287 1305 1351 1353 1385 1394 1449 1479 1509 1592 1599 1604 1626 1635 1642 1645 1648 1649 1652 1654 1658 1660 1668 1677 1682 1728 1734 1736 1749 1753 1776 1780 1798 1801 1822 1829 1844 1849 1855 1861 1886 1889 1890 1899 1916 1926 1931 1947 1960 1971 1978 1980 2005 2009 2013 2032 2035 2058 2065 2066 2072 2088 2093 2094 2096 2102
"142" 1753 1815 1820 1878 1885 2029 2039 2116 2117 2136 2138 2145 2149 2155 2162 2166 2168 2169 2172 2175
"143" 488 493 499 502 506 507 508 509 521 526 527 531 532 537 540 542 546 551 555 557 560 562 564 565 568 584 585 593 595 598 599 625 626 651 676 687 699 703 708 716 741 742 751 758 763 764 766 767 770 771 785 787 814 817 839 841 856 857 873 877 883 887 900 905 911 918 936 938 955 959 972 1008 1019 1029 1039 1057 1058 1063 1066 1073 1076 1107 1134 1136 1150 1153 1185 1190 1213 1223 1251 1255 1281 1305 1312 1316 1333 1337 1362 1370 1389 1400 1403 1424 1426 1439 1454 1461 1468 1481 1489 1495 1500 1511 1512 1527 1528 1540 1584 1587 1589 1591 1592 1596 1597 1602 1603 1607 1610 1612 1613 1617 1618 1623 1628 1634 1636 1639 1640 1652 1660 1661 1664 1669 1671 1753
"4N" 1380 1384 1396 1414 1443 1445 1507 1543 1606 1615 1629 1681 1699 1719 1749 1776 1791 1807 1817 1822 1855 1868 1942 1967 1986 2003 2010 2049 2063 2875 2919 2943 2947 2959 2969 2979 2992 2996 3007 3022 3023 3032 3037 3039 3046 3049 3067 3071 3080 3084 3085 3088 3100 3104 3116 3123 3154 3168 3170
"76" 1492 1499 1508 1515 1548 1552 1554 1557 1561 1567 1569 1570 1575 1586 1614 1638 1657 1693 1712 1720 1830 1847 1903 1912 1956 1957 1995 2006 2074 2079 2118 2122 2192 2197 2264 2268 2272 2275 2276 2278 2281 2283 2290 2293 2298 2299 2306 2315 2319 2345 2359 2380 2381 2397 2402 2426 2443 2456 2472 2474 2487 2494 2507 2514 2526 2529 2536 2539 2555 2558 2569 2575 2591 2611 2618 2624 2625 2626 2628 2629 2647 2648 2664 2666 2742 2743 2794 2796 2836 2839 2873 2875 2919 2926 2942 2943 2968 2969 2992 2995 3010 3026
"74" 818 821 823 826 827 829 834 835 855 861 863 864 874 875 878 880 885 886 888 890 904 908 910 912 913 914 915 916 923 925 940 944 945 969 970 979 983 1010 1014 1016 1022 1026 1027 1028 1032 1035 1037 1050 1055 1061 1100 1101 1127 1137 1140 1160 1161 1176 1194 1197 1209 1212 1218 1241 1244 1257 1265 1286 1288 1336 1348 1421 1432 1482 1483 1529 1538 1558 1576 1577 1600 1601 1605 1609 1620 1622 1647 1666 1712 1720 1830 1847 1903 1912 1956 1957 1995 2006 2074 2079 2118 2122 2192 2197 2264 2293 2344 2348 2382 2383 2421 2422 2462 2463 2476 2481 2508 2522 2554 2572 2603 2620 2621 2650 2658 2678 2689 2691 2697
"73" 1753 1762 1769 1775 1805 1809 1815 1820 1830 1847 1857 1860 1887 1891 1903 1912 1922 1956 1957 1961 1995 1996 1998 2006 2027 2030 2045 2055 2074 2079 2118 2122 2124 2130 2143 2157 2159 2160 2163 2174 2180 2192 2197 2234 2238 2239 2270 2281 2299 2306 2308 2311 2315 2319 2322 2328
"72" 1693 1747 1748 1814 1818 1895 1898 1949 1950 2028 2033 2068 2070 2111 2137 2167 2204 2213 2285 2286 2324 2333 2349 2365 2393 2413 2436 2438 2454 2458 2482 2506 2550 2559 2570 2573 2583 2590 2598 2604 2616 2622 2627 2634 2688 2696 2741 2756 2808 2809 2844 2851 2864 2866 2879 2885 2893 2900 2905 2908 2927 2931 2948 2951 2960 2963 2965 2966 2980 2985 3009 3014 3045 3047 3058 3060 3063 3064 3086 3094 3127 3133 3148 3149 3165 3167 3214
"70" 1657 1673 1674 1684 1693 1709 1713 1714 1721 1731 1737 1738 1744 1751 1765 1768 1770 1774 1787 1788 1797 1835 1840 1877 1881 1893 1900 1921 1943 1954 1962 1987 1990 2021 2026 2067 2069 2076 2084 2115 2121 2158 2189 2195 2248 2250 2252 2255 2257 2268 2269 2271 2272 2274 2275 2276 2278 2281 2283 2299 2303 2305 2306 2309 2315 2316 2319 2321 2322 2324 2325 2327 2328 2330 2333 2345 2359 2374 2375 2380 2381 2397 2402 2426 2430 2431 2443 2456 2472 2474 2487 2489 2494 2499 2507 2514 2526 2529 2536 2539 2553 2555 2557 2558 2569 2575 2585 2589 2591 2611 2618 2624
"181M" 473 490 492 510 513 517 520 529 533 534 543 554 556 558 559 579 583 586 587 603 611 620 621 624 655 681 724 728 740 790 831 832 850 1314 1320 1324 1339 1391 1403 1426 1454 1540 1560 1629 1681 1719 1749 1776 1822 1855 1967 2010 2049 2063
"79" 270 295 298 302 304 307 308 312 314 331 337 347 349 360 361 365 370 371 373 374 377 378 379 383 388 398 403 460 461 465 466 481 483 488 493 502 506 507 508 512 521 526 527 540 542 546 551 557 562 564 565 568
"78" 452 453 460 461 465 466 469 478 481 483 488 493 499 504 505 506 508 509 512 527 531 535 537 539 540 542 555 557 560 562 564 565 568 569 578 581 596 605 609 622 623 628 633 634 635 676 687 699 703 708 716 749 753 765 775 779
"103X" 2047 2048 2061 2062 2081 2092 2097 2099 2113 2119 2128 2132 2202 2203
"89" 2577 2579 2603 2644 2646 2661 2662 2668 2671 2673 2675 2679 2682 2684 2685 2686 2690 2700 2702 2731 2737 2752 2758 3083 3087 3128 3131 3147 3155 3171 3178 3207 3215 3232 3237 3266 3269 3292 3294 3338 3339 3397 3398 3421 3425 3437 3438 3439 3440 3445 3449 3461 3462 3468 3473 3478 3480 3488 3489 3500 3501 3504 3506 3508 3509 3511 3512 3518 3521 3529 3530 3536 3537 3540 3541 3542 3543 3544 3546 3547 3548 3549 3550 3551 3552 3553 3554 3555 3556 3557 3558
"354" 3280 3338 3339 3365
"359" 3115 3118 3120 3126 3128 3132 3135 3159 3160 3181 3187 3211 3212 3233 3236 3270 3271 3280 3282 3283 3292 3294 3312 3313 3345 3346 3370 3393 3399 3417 3420
"358" 3147 3153 3171 3183 3187 3191 3211 3212 3233 3236 3280 3338 3339 3363 3367 3373 3379 3388 3406 3409 3411
